π = 3.14159
PI = 3.14159
e = 2.7182818284

