g = 9.82 m/s^2
ε_0 = 8.854e-12 C^2/N*m^2
G = 6.6726e-11 m^3/kg*s^2
e_ = 1.6e-19 C
m_e = 9.11e-31 kg
m_p = 1.67272192e-27 kg
m_n = 1.6749275e-27 kg
μ_0 = 1.257e-6 T*m/A
R = 8.314 Pa*m^3/mol*K
c = 299792458 m/s
h = 6.62607015e-34 J*s
k_b = 1.380649e-23 J/K
N_A = 6.02214076e23 1/mol
k_c = 8.987552e9 N*m^2/C^2




